0 228345 1310720 21976 327680
1 230613 1310720 21984 327680
2 231617 1310720 22000 327680
3 231629 1310720 21976 327680
4 236241 1310720 22184 327680
5 236669 1310720 22392 327680
6 236389 1310720 22208 327680
7 251893 1310720 22208 327680
8 260789 1310720 22208 327680
9 236941 1310720 22208 327680
10 237021 1310720 22208 327680
11 238349 1310720 22744 327680
12 238753 1310720 23504 327680
13 238493 1310720 22752 327680
14 269373 1310720 22752 327680
15 279325 1310720 22752 327680
16 239041 1310720 22752 327680
17 239121 1310720 22752 327680
18 238689 1310720 22744 327680
19 239945 1310720 23504 327680
20 238833 1310720 22752 327680
21 318737 1310720 22752 327680
22 328689 1310720 22752 327680
23 239381 1310720 22752 327680
24 239453 1310720 22752 327680
