0 260089 1044464 27892 81920
1 260613 1044464 27912 81920
2 261589 1044464 27928 81920
3 261569 1044464 27900 81920
4 267641 1044464 28292 81920
5 268057 1044464 28500 81920
6 267801 1044464 28316 81920
7 283321 1044464 28316 81920
8 292217 1044464 28316 81920
9 268537 1044464 28316 81920
10 268681 1044464 28316 81920
11 270089 1044464 28900 81920
12 270505 1044464 29660 81920
13 270233 1044464 28908 81920
14 301145 1044464 28908 81920
15 311081 1044464 28908 81920
16 270985 1044464 28908 81920
17 271049 1044464 28908 81920
18 270409 1044464 29092 81920
19 271689 1044464 29852 81920
20 270553 1044464 29100 81920
21 350489 1044464 29100 81920
22 360441 1044464 29100 81920
23 271305 1044464 29100 81920
24 271353 1044464 29100 81920
