0 3470 28672 153 2560
1 4080 28672 161 2560
2 4416 28672 170 2560
3 4400 28672 153 2560
4 11262 28672 365 2560
5 11776 28672 517 2560
6 11472 28672 376 2560
7 22532 28672 526 2560
8 28140 28672 526 2560
9 12224 28672 378 2560
10 12346 28672 378 2560
11 15094 28672 783 2560
12 15670 28672 1353 2560
13 15274 28672 789 2560
14 37778 28672 987 2560
15 44038 28672 987 2560
16 16022 28672 791 2560
17 16116 28672 791 2560
18 -1 -1 -1 -1
19 -1 -1 -1 -1
20 -1 -1 -1 -1
21 -1 -1 -1 -1
22 -1 -1 -1 -1
23 -1 -1 -1 -1
24 -1 -1 -1 -1
