0 474 30720 11 2048
1 1108 30720 21 2048
2 1444 30720 30 2048
3 1406 30720 13 2048
4 8290 30720 225 2048
5 8822 30720 379 2048
6 8500 30720 236 2048
7 19560 30720 386 2048
8 25168 30720 386 2048
9 9252 30720 238 2048
10 9374 30720 238 2048
11 12138 30720 643 2048
12 12716 30720 1215 2048
13 12318 30720 649 2048
14 34806 30720 847 2048
15 41066 30720 847 2048
16 13066 30720 651 2048
17 13160 30720 651 2048
18 -1 -1 -1 -1
19 -1 -1 -1 -1
20 -1 -1 -1 -1
21 -1 -1 -1 -1
22 -1 -1 -1 -1
23 -1 -1 -1 -1
24 -1 -1 -1 -1
