0 21348 131072 4376 20480
1 21704 131072 4392 20480
2 21784 131072 4408 20480
3 22396 131072 4384 20480
4 26444 131072 4592 20480
5 26780 131072 4800 20480
6 26564 131072 4612 20480
7 42056 131072 4612 20480
8 50960 131072 4612 20480
9 27028 131072 4616 20480
10 27112 131072 4616 20480
11 28216 131072 5148 20480
12 28552 131072 5912 20480
13 28332 131072 5156 20480
14 59212 131072 5156 20480
15 69156 131072 5156 20480
16 28800 131072 5160 20480
17 28876 131072 5160 20480
18 28600 131072 5148 20480
19 29796 131072 5912 20480
20 28716 131072 5156 20480
21 108624 131072 5156 20480
22 118568 131072 5156 20480
23 29184 131072 5160 20480
24 29256 131072 5160 20480
